346910
439079
335983
447200
460885
260513
484247
500664
440161
446894
463272
399360
489999
440471
474335
507076
487558
446101
419743
438689
425336
347375
444539
438808
478528
454652
420814
458594
510460
332562
540017
540405
463821
533162
438590
489929
496872
544442
533932
458534
446696
542836
544089
220882
535389
433498
544445
470878
461992
412988
448776
456154
546412
537617
451995
414453
454293
514236
501630
425505
532908
523277
538170
506464
458344
505638
499386
11049
500458
531368
533968
546289
493106
539685
546626
434767
536070
547354
511175
518465
546650
546055
537049
537021
545333
536808
546783
546623
544495
544484
525830
545083
440626
427214
467936
444101
283601
489934
453364
441393
361292
465936
489930
443463
511541
429476
512273
369972
461615
526384
537104
529784
463116
424121
443849
547758
545426
545052
544994
540122
531380
407447
455108
523773
523593
441346
545182
496334
524087
546779
543653
531770
529221
512293
546645
538391
544916
545181
544918
544915
545178
497166
429203
505192
435921
536413
297725
446021
468210
474392
513386
483983
340613
543917
401545
463861
469651
542032
471880
493107
475094
480681
479226
463387
544472
504184
546777
519255
461758
487364
495366
438145
446807
483347
507612
499722
517839
483435
444291
532811
496327
444395
443009
448095
495671
459616
459422
543684
457712
496524
519187
500006
512584
482564
474487
493092
421456
508003
500848
491474
471429
536666
517987
453755
517993
521935
497294
502098
520273
534780
515916
506043
289930
399056
542905
436387
543666
506775
526508
500909
468657
517360
546441
540384
509020
516842
543046
546505
507411
514899
535077
513574
532289
548185
510641
436929
436363
524738
423612
490794
517972
512898
546659
501547
517331
411728
542460
510690
458342
484901
406486
546292
532645
542002
537335
477311
475215
495271
548610
548572
441717
529981
533919
530294
546470
535284
546661
546639
516696
493775
512236
546782
454687
523691
510531
539029
531729
534530
463319
499086
540009
539441
546666
546996
546527
529213
546785
532609
489415
506927
490033
547751
522868
547743
548259
438146
525147
529210
497802
539549
315840
544522
526486
517773
487740
548887
548881
548261
354981
527280
519674
548633
532321
425222
523856
531395
521297
544294
545141
546567
528498
540529
531384
475871
548268
548255
517341
514577
513648
545514
539228
415031
543701
529207
544627
539167
526234
547747
531737
509254
546556
500890
549045
549044
549007
548931
541099
535127
519717
493902
444288
544810
544814
546794
542008
533989
433919
449259
516698
535897
543820
545473
365173
365371
521265
544047
541891
539398
532608
528726
501815
451484
134840
549215
549172
549171
549169
549154
549107
400155
